0 5.9
0.1 -39.4737
0.2 -60.7789
0.3 -65.9951
0.4 -61.1335
0.5 -50.6165
0.6 -37.5988
0.7 -24.2381
0.8 -11.9212
0.9 -1.45089
1 6.8
1.1 12.7648
1.2 16.5838
1.3 18.5257
1.4 18.9284
1.5 18.154
1.6 16.5563
1.7 14.4586
1.8 12.1403
1.9 9.82945
2 7.7
2.1 5.87378
2.2 4.4244
2.3 3.38322
2.4 2.74637
2.5 2.48221
2.6 2.53878
2.7 2.85089
2.8 3.34659
2.9 3.9528
3 4.6
3.1 5.22602
3.2 5.77872
3.3 6.21781
3.4 6.51575
3.5 6.65786
3.6 6.64171
3.7 6.47602
3.8 6.17902
3.9 5.77658
4 5.3
4.1 4.78391
4.2 4.26402
4.3 3.77506
4.4 3.34891
4.5 3.01299
4.6 2.78893
4.7 2.69169
4.8 2.72891
4.9 2.90073
5 3.2
5.1 3.61275
5.2 4.11904
5.3 4.69408
5.4 5.3095
5.5 5.93489
5.6 6.53934
5.7 7.09305
5.8 7.56886
5.9 7.94374
6 8.2
6.1 8.3264
6.2 8.31883
6.3 8.18079
6.4 7.92341
6.5 7.56515
6.6 7.13109
6.7 6.65186
6.8 6.16218
6.9 5.6991
7 5.3
7.1 5.00038
7.2 4.83152
7.3 4.81817
7.4 4.97631
7.5 5.31117
7.6 5.81551
7.7 6.46852
7.8 7.23516
7.9 8.06636
8 8.9
8.1 9.66283
8.2 10.2734
8.3 10.6462
8.4 10.6966
8.5 10.3468
8.6 9.53308
8.7 8.2136
8.8 6.3763
8.9 4.04753
9 1.3
9.1 -1.74006
9.2 -4.88735
9.3 -7.89452
9.4 -10.4527
9.5 -12.1967
9.6 -12.7169
9.7 -11.5786
9.8 -8.35173
9.9 -2.65253
10 5.8
10.1 17.1098
10.2 31.1086
10.3 47.2363
10.4 64.3922
10.5 80.7534
10.6 93.5543
10.7 98.8227
10.8 91.0652
10.9 62.8958
11 4.6
