1 5.9
1.1 4.45837
1.2 3.65599
1.3 3.35007
1.4 3.41718
1.5 3.75166
1.6 4.26418
1.7 4.88028
1.8 5.53898
1.9 6.19151
2 6.8
2.1 7.3363
2.2 7.78082
2.3 8.12146
2.4 8.35256
2.5 8.47393
2.6 8.48992
2.7 8.40859
2.8 8.24088
2.9 7.99984
3 7.7
3.1 7.35669
3.2 6.98548
3.3 6.60166
3.4 6.21978
3.5 5.85322
3.6 5.5139
3.7 5.21193
3.8 4.95541
3.9 4.75024
4 4.6
4.1 4.50591
4.2 4.46679
4.3 4.47914
4.4 4.53724
4.5 4.6333
4.6 4.75772
4.7 4.89934
4.8 5.04578
4.9 5.18386
5 5.3
5.1 5.3808
5.2 5.41353
5.3 5.38684
5.4 5.29134
5.5 5.12041
5.6 4.87098
5.7 4.54437
5.8 4.1472
5.9 3.69235
6 3.2
