0 5.9
1 6.8
2 7.7
3 4.6
4 5.3
5 3.2
6 8.2
7 5.3
8 8.9
9 1.3
10 5.8
11 4.6
12 3.5
13 5.3
14 3.6
15 6.8
16 2.7
17 4.4
18 3.9
19 3.4
20 5.7
21 4.9
22 5.9
23 2.9
24 7.5
25 4.6
26 6.1
27 2.8
28 6.3
29 7.8
30 5.5
31 5.5
32 4.6
33 3.2
34 4.8
35 7.1
36 4.2
37 4.2
38 4.3
39 7
40 3.6
41 6.4
42 4.6
43 6.4
44 12.2
45 5.8
46 8.5
47 6.7
48 9.7
49 6.3
50 5.6
51 7.5
52 7.5
53 7.9
54 2.8
55 7.7
56 5.8
57 5.8
58 5.6
59 7.2
60 7.4
61 4.1
62 5
63 6.3
64 6
65 7.6
66 4.8
67 6.9
68 8.7
69 4.8
70 6.3
71 4
72 5.6
73 7.9
74 4.6
75 4.8
76 9.6
77 4.8
78 0.6
79 6.8
80 7.1
81 8.6
82 3.1
83 8.9
84 7.4
85 3.8
86 7.7
87 8.8
88 8.3
89 6
90 7
91 7.2
92 1.3
93 6.4
94 10.4
95 6.6
96 5.5
97 6.2
98 8
99 8.8
100 3
101 4.2
102 3.8
103 6
104 4.6
105 4.7
106 5.8
107 7.1
108 4.6
109 9.1
110 6.2
111 3.4
112 8.6
113 7.5
114 8.3
115 6
116 4.8
117 3
118 4.2
119 5.3
120 2.9
121 3.3
122 7.9
123 7.3
124 6.6
125 5.3
126 5.8
127 8.4
128 4.5
129 7.3
130 4.7
131 8.2
132 8.7
133 7.2
134 3.8
135 6.6
136 3.9
137 6.2
138 8.4
139 7.1
140 5.3
141 7
142 7.7
143 6.8
144 4.9
145 5.3
146 7.2
147 7.8
148 2.10535e-314
149 7.22059e-251
150 3.68733e-305
151 1.00443e-311
152 3.90447e-312
153 -7.84591e+298
154 2.85194e-314
155 4.24399e-314
156 0
157 3.68741e-305
158 3.6874e-305
159 0
160 7.30643e-315
161 0
162 7.30643e-315
163 0
164 7.30643e-315
165 0
166 7.30643e-315
167 0
168 7.30643e-315
169 0
170 0
171 7.30642e-315
172 1.56362e+116
173 1.53377e+116
174 0
175 0
176 0
177 2.10535e-314
178 7.22142e-251
179 3.68842e-305
180 5.80239e-313
181 8.69169e-311
182 -7.84591e+298
183 6.58818e-87
184 -6.27681e+66
185 -6.27744e+66
186 -6.27744e+66
187 -6.27744e+66
188 -6.27744e+66
189 -6.27744e+66
190 -6.27744e+66
191 -6.27744e+66
192 -6.27744e+66
193 -6.27744e+66
194 -6.27744e+66
195 -6.27744e+66
196 -6.27744e+66
197 -6.27744e+66
198 -6.27744e+66
199 -6.27744e+66
200 -6.27744e+66
201 -6.27744e+66
202 -6.27744e+66
203 -6.27744e+66
204 -6.27744e+66
205 -6.27744e+66
206 -6.27744e+66
207 -6.27744e+66
208 -6.27744e+66
209 -6.27744e+66
210 -6.27744e+66
211 -6.27744e+66
212 -6.27744e+66
213 -6.27744e+66
214 -6.27744e+66
215 -6.27744e+66
216 -6.27744e+66
217 -6.27744e+66
218 -6.27744e+66
219 -6.27744e+66
220 -6.27744e+66
221 -6.27744e+66
222 -6.27744e+66
223 -6.27744e+66
224 -6.27744e+66
225 -6.27744e+66
226 -6.27744e+66
227 -6.27744e+66
228 -6.27744e+66
229 -6.27744e+66
230 -6.27744e+66
231 -6.27744e+66
232 -6.27744e+66
233 -6.27744e+66
234 -6.27744e+66
235 -6.27744e+66
236 -6.27744e+66
237 -6.27744e+66
238 -6.27744e+66
239 -6.27744e+66
240 -6.27744e+66
241 -6.27744e+66
242 -6.27744e+66
243 -6.27744e+66
244 -6.27744e+66
245 -6.27744e+66
246 -6.27744e+66
247 -6.27744e+66
248 -6.27744e+66
249 -6.27744e+66
250 -6.27744e+66
251 -6.27744e+66
252 -6.27744e+66
253 -6.27744e+66
254 -6.27744e+66
255 -6.27744e+66
256 -6.27744e+66
257 -6.27744e+66
258 -6.27744e+66
259 -6.27744e+66
260 -6.27744e+66
261 -6.27744e+66
262 -6.27744e+66
263 -6.27744e+66
264 -6.27744e+66
