0	  7.63018e-16
0.1	  7.63018e-16
0.2	  7.63018e-16
0.3	  7.63018e-16
0.4	  7.63018e-16
0.5	  7.63018e-16
0.6	  7.63018e-16
0.7	  7.63018e-16
0.8	  7.63018e-16
0.9	  7.63018e-16
1	  7.63018e-16
1.1	  7.63018e-16
1.2	  7.63018e-16
1.3	  7.63018e-16
1.4	  7.63018e-16
1.5	  7.63018e-16
1.6	  7.63018e-16
1.7	  7.63018e-16
1.8	  7.63018e-16
1.9	  7.63018e-16
2	  7.63018e-16
2.1	  7.63018e-16
2.2	  7.63018e-16
2.3	  7.63018e-16
2.4	  7.63018e-16
2.5	  7.63018e-16
2.6	  7.63018e-16
2.7	  7.63018e-16
2.8	  7.63018e-16
2.9	  7.63018e-16
3	  7.63018e-16
3.1	  7.63018e-16
3.2	  7.63018e-16
3.3	  7.63018e-16
3.4	  7.63018e-16
3.5	  7.63018e-16
3.6	  7.63018e-16
3.7	  7.63018e-16
3.8	  7.63018e-16
3.9	  7.63018e-16
4	  7.63018e-16
4.1	  7.63018e-16
4.2	  7.63018e-16
4.3	  7.63018e-16
4.4	  7.63018e-16
4.5	  7.63018e-16
4.6	  7.63018e-16
4.7	  7.63018e-16
4.8	  7.63018e-16
4.9	  7.63018e-16
5	  7.63018e-16
5.1	  7.63018e-16
5.2	  7.63018e-16
5.3	  7.63018e-16
5.4	  7.63018e-16
5.5	  7.63018e-16
5.6	  7.63018e-16
5.7	  7.63018e-16
5.8	  7.63018e-16
5.9	  7.63018e-16
6	  7.63018e-16
6.1	  7.63018e-16
6.2	  7.63018e-16
6.3	  7.63018e-16
6.4	  7.63018e-16
6.5	  7.63018e-16
6.6	  7.63018e-16
6.7	  7.63018e-16
6.8	  7.63018e-16
6.9	  7.63018e-16
7	  7.63018e-16
7.1	  7.63018e-16
7.2	  7.63018e-16
7.3	  7.63018e-16
7.4	  7.63018e-16
7.5	  7.63018e-16
7.6	  7.63018e-16
7.7	  7.63018e-16
7.8	  7.63018e-16
7.9	  7.63018e-16
8	  7.63018e-16
8.1	  7.63018e-16
8.2	  7.63018e-16
8.3	  7.63018e-16
8.4	  7.63018e-16
8.5	  7.63018e-16
8.6	  7.63018e-16
8.7	  7.63018e-16
8.8	  7.63018e-16
8.9	  7.63018e-16
9	  7.63018e-16
9.1	  7.63018e-16
9.2	  7.63018e-16
9.3	  7.63018e-16
9.4	  7.63018e-16
9.5	  7.63018e-16
9.6	  7.63018e-16
9.7	  7.63018e-16
9.8	  7.63018e-16
9.9	  7.63018e-16
10	  7.63018e-16
10.1	  7.63018e-16
10.2	  7.63018e-16
10.3	  7.63018e-16
10.4	  7.63018e-16
10.5	  7.63018e-16
10.6	  7.63018e-16
10.7	  7.63018e-16
10.8	  7.63018e-16
10.9	  7.63018e-16
11	  7.63018e-16
11.1	  7.63018e-16
11.2	  7.63018e-16
11.3	  7.63018e-16
11.4	  7.63018e-16
11.5	  7.63018e-16
11.6	  7.63018e-16
11.7	  7.63018e-16
11.8	  7.63018e-16
11.9	  7.63018e-16
12	  7.63018e-16
12.1	  7.63018e-16
12.2	  7.63018e-16
12.3	  7.63018e-16
12.4	  7.63018e-16
12.5	  7.63018e-16
12.6	  7.63018e-16
12.7	  7.63018e-16
12.8	  7.63018e-16
12.9	  7.63018e-16
13	  7.63018e-16
13.1	  7.63018e-16
13.2	  7.63018e-16
13.3	  7.63018e-16
13.4	  7.63018e-16
13.5	  7.63018e-16
13.6	  7.63018e-16
13.7	  7.63018e-16
13.8	  7.63018e-16
13.9	  7.63018e-16
14	  7.63018e-16
14.1	  7.63018e-16
14.2	  7.63018e-16
14.3	  7.63018e-16
14.4	  7.63018e-16
14.5	  7.63018e-16
14.6	  7.63018e-16
14.7	  7.63018e-16
14.8	  7.63018e-16
14.9	  7.63018e-16
15	  7.63018e-16
15.1	  7.63018e-16
15.2	  7.63018e-16
15.3	  7.63018e-16
15.4	  7.63018e-16
15.5	  7.63018e-16
15.6	  7.63018e-16
15.7	  7.63018e-16
15.8	  7.63018e-16
15.9	  7.63018e-16
16	  7.63018e-16
16.1	  7.63018e-16
16.2	  7.63018e-16
16.3	  7.63018e-16
16.4	  7.63018e-16
16.5	  7.63018e-16
16.6	  7.63018e-16
16.7	  7.63018e-16
16.8	  7.63018e-16
16.9	  7.63018e-16
17	  7.63018e-16
17.1	  7.63018e-16
17.2	  7.63018e-16
17.3	  7.63018e-16
17.4	  7.63018e-16
17.5	  7.63018e-16
17.6	  7.63018e-16
17.7	  7.63018e-16
17.8	  7.63018e-16
17.9	  7.63018e-16
18	  7.63018e-16
18.1	  7.63018e-16
18.2	  7.63018e-16
18.3	  7.63018e-16
18.4	  7.63018e-16
18.5	  7.63018e-16
18.6	  7.63018e-16
18.7	  7.63018e-16
18.8	  7.63018e-16
18.9	  7.63018e-16
19	  7.63018e-16
19.1	  7.63018e-16
19.2	  7.63018e-16
19.3	  7.63018e-16
19.4	  7.63018e-16
19.5	  7.63018e-16
19.6	  7.63018e-16
19.7	  7.63018e-16
19.8	  7.63018e-16
19.9	  7.63018e-16
20	  7.63018e-16
20.1	  7.63018e-16
20.2	  7.63018e-16
20.3	  7.63018e-16
20.4	  7.63018e-16
20.5	  7.63018e-16
20.6	  7.63018e-16
20.7	  7.63018e-16
20.8	  7.63018e-16
20.9	  7.63018e-16
21	  7.63018e-16
21.1	  7.63018e-16
21.2	  7.63018e-16
21.3	  7.63018e-16
21.4	  7.63018e-16
21.5	  7.63018e-16
21.6	  7.63018e-16
21.7	  7.63018e-16
21.8	  7.63018e-16
21.9	  7.63018e-16
22	  7.63018e-16
22.1	  7.63018e-16
22.2	  7.63018e-16
22.3	  7.63018e-16
22.4	  7.63018e-16
22.5	  7.63018e-16
22.6	  7.63018e-16
22.7	  7.63018e-16
22.8	  7.63018e-16
22.9	  7.63018e-16
23	  7.63018e-16
23.1	  7.63018e-16
23.2	  7.63018e-16
23.3	  7.63018e-16
23.4	  7.63018e-16
23.5	  7.63018e-16
23.6	  7.63018e-16
23.7	  7.63018e-16
23.8	  7.63018e-16
23.9	  7.63018e-16
24	  7.63018e-16
24.1	  7.63018e-16
24.2	  7.63018e-16
24.3	  7.63018e-16
24.4	  7.63018e-16
24.5	  7.63018e-16
24.6	  7.63018e-16
24.7	  7.63018e-16
24.8	  7.63018e-16
24.9	  7.63018e-16
25	  7.63018e-16
25.1	  7.63018e-16
25.2	  7.63018e-16
25.3	  7.63018e-16
25.4	  7.63018e-16
25.5	  7.63018e-16
25.6	  7.63018e-16
25.7	  7.63018e-16
25.8	  7.63018e-16
25.9	  7.63018e-16
26	  7.63018e-16
26.1	  7.63018e-16
26.2	  7.63018e-16
26.3	  7.63018e-16
26.4	  7.63018e-16
26.5	  7.63018e-16
26.6	  7.63018e-16
26.7	  7.63018e-16
26.8	  7.63018e-16
26.9	  7.63018e-16
27	  7.63018e-16
27.1	  7.63018e-16
27.2	  7.63018e-16
27.3	  7.63018e-16
27.4	  7.63018e-16
27.5	  7.63018e-16
27.6	  7.63018e-16
27.7	  7.63018e-16
27.8	  7.63018e-16
27.9	  7.63018e-16
28	  7.63018e-16
28.1	  7.63018e-16
28.2	  7.63018e-16
28.3	  7.63018e-16
28.4	  7.63018e-16
28.5	  7.63018e-16
28.6	  7.63018e-16
28.7	  7.63018e-16
28.8	  7.63018e-16
28.9	  7.63018e-16
29	  7.63018e-16
29.1	  7.63018e-16
29.2	  7.63018e-16
29.3	  7.63018e-16
29.4	  7.63018e-16
29.5	  7.63018e-16
29.6	  7.63018e-16
29.7	  7.63018e-16
29.8	  7.63018e-16
29.9	  7.63018e-16
30	  7.63018e-16
30.1	  7.63018e-16
30.2	  7.63018e-16
30.3	  7.63018e-16
30.4	  7.63018e-16
30.5	  7.63018e-16
30.6	  7.63018e-16
30.7	  7.63018e-16
30.8	  7.63018e-16
30.9	  7.63018e-16
31	  7.63018e-16
31.1	  7.63018e-16
31.2	  7.63018e-16
31.3	  7.63018e-16
31.4	  7.63018e-16
31.5	  7.63018e-16
31.6	  7.63018e-16
31.7	  7.63018e-16
31.8	  7.63018e-16
31.9	  7.63018e-16
32	  7.63018e-16
32.1	  7.63018e-16
32.2	  7.63018e-16
32.3	  7.63018e-16
32.4	  7.63018e-16
32.5	  7.63018e-16
32.6	  7.63018e-16
32.7	  7.63018e-16
32.8	  7.63018e-16
32.9	  7.63018e-16
33	  7.63018e-16
33.1	  7.63018e-16
33.2	  7.63018e-16
33.3	  7.63018e-16
33.4	  7.63018e-16
33.5	  7.63018e-16
33.6	  7.63018e-16
33.7	  7.63018e-16
33.8	  7.63018e-16
33.9	  7.63018e-16
34	  7.63018e-16
34.1	  7.63018e-16
34.2	  7.63018e-16
34.3	  7.63018e-16
34.4	  7.63018e-16
34.5	  7.63018e-16
34.6	  7.63018e-16
34.7	  7.63018e-16
34.8	  7.63018e-16
34.9	  7.63018e-16
35	  7.63018e-16
35.1	  7.63018e-16
35.2	  7.63018e-16
35.3	  7.63018e-16
35.4	  7.63018e-16
35.5	  7.63018e-16
35.6	  7.63018e-16
35.7	  7.63018e-16
35.8	  7.63018e-16
35.9	  7.63018e-16
36	  7.63018e-16
36.1	  7.63018e-16
36.2	  7.63018e-16
36.3	  7.63018e-16
36.4	  7.63018e-16
36.5	  7.63018e-16
36.6	  7.63018e-16
36.7	  7.63018e-16
36.8	  7.63018e-16
36.9	  7.63018e-16
37	  7.63018e-16
37.1	  7.63018e-16
37.2	  7.63018e-16
37.3	  7.63018e-16
37.4	  7.63018e-16
37.5	  7.63018e-16
37.6	  7.63018e-16
37.7	  7.63018e-16
37.8	  7.63018e-16
37.9	  7.63018e-16
38	  7.63018e-16
38.1	  7.63018e-16
38.2	  7.63018e-16
38.3	  7.63018e-16
38.4	  7.63018e-16
38.5	  7.63018e-16
38.6	  7.63018e-16
38.7	  7.63018e-16
38.8	  7.63018e-16
38.9	  7.63018e-16
39	  7.63018e-16
39.1	  7.63018e-16
39.2	  7.63018e-16
39.3	  7.63018e-16
39.4	  7.63018e-16
39.5	  7.63018e-16
39.6	  7.63018e-16
39.7	  7.63018e-16
39.8	  7.63018e-16
39.9	  7.63018e-16
40	  7.63018e-16
40.1	  7.63018e-16
40.2	  7.63018e-16
40.3	  7.63018e-16
40.4	  7.63018e-16
40.5	  7.63018e-16
40.6	  7.63018e-16
40.7	  7.63018e-16
40.8	  7.63018e-16
40.9	  7.63018e-16
41	  7.63018e-16
41.1	  7.63018e-16
41.2	  7.63018e-16
41.3	  7.63018e-16
41.4	  7.63018e-16
41.5	  7.63018e-16
41.6	  7.63018e-16
41.7	  7.63018e-16
41.8	  7.63018e-16
41.9	  7.63018e-16
42	  7.63018e-16
42.1	  7.63018e-16
42.2	  7.63018e-16
42.3	  7.63018e-16
42.4	  7.63018e-16
42.5	  7.63018e-16
42.6	  7.63018e-16
42.7	  7.63018e-16
42.8	  7.63018e-16
42.9	  7.63018e-16
43	  7.63018e-16
43.1	  7.63018e-16
43.2	  7.63018e-16
43.3	  7.63018e-16
43.4	  7.63018e-16
43.5	  7.63018e-16
43.6	  7.63018e-16
43.7	  7.63018e-16
43.8	  7.63018e-16
43.9	  7.63018e-16
44	  7.63018e-16
44.1	  7.63018e-16
44.2	  7.63018e-16
44.3	  7.63018e-16
44.4	  7.63018e-16
44.5	  7.63018e-16
44.6	  7.63018e-16
44.7	  7.63018e-16
44.8	  7.63018e-16
44.9	  7.63018e-16
45	  7.63018e-16
45.1	  7.63018e-16
45.2	  7.63018e-16
45.3	  7.63018e-16
45.4	  7.63018e-16
45.5	  7.63018e-16
45.6	  7.63018e-16
45.7	  7.63018e-16
45.8	  7.63018e-16
45.9	  7.63018e-16
46	  7.63018e-16
46.1	  7.63018e-16
46.2	  7.63018e-16
46.3	  7.63018e-16
46.4	  7.63018e-16
46.5	  7.63018e-16
46.6	  7.63018e-16
46.7	  7.63018e-16
46.8	  7.63018e-16
46.9	  7.63018e-16
47	  7.63018e-16
47.1	  7.63018e-16
47.2	  7.63018e-16
47.3	  7.63018e-16
47.4	  7.63018e-16
47.5	  7.63018e-16
47.6	  7.63018e-16
47.7	  7.63018e-16
47.8	  7.63018e-16
47.9	  7.63018e-16
48	  7.63018e-16
48.1	  7.63018e-16
48.2	  7.63018e-16
48.3	  7.63018e-16
48.4	  7.63018e-16
48.5	  7.63018e-16
48.6	  7.63018e-16
48.7	  7.63018e-16
48.8	  7.63018e-16
48.9	  7.63018e-16
49	  7.63018e-16
49.1	  7.63018e-16
49.2	  7.63018e-16
49.3	  7.63018e-16
49.4	  7.63018e-16
49.5	  7.63018e-16
49.6	  7.63018e-16
49.7	  7.63018e-16
49.8	  7.63018e-16
49.9	  7.63018e-16
50	  7.63018e-16
50.1	  7.63018e-16
50.2	  7.63018e-16
50.3	  7.63018e-16
50.4	  7.63018e-16
50.5	  7.63018e-16
50.6	  7.63018e-16
50.7	  7.63018e-16
50.8	  7.63018e-16
50.9	  7.63018e-16
51	  7.63018e-16
51.1	  7.63018e-16
51.2	  7.63018e-16
51.3	  7.63018e-16
51.4	  7.63018e-16
51.5	  7.63018e-16
51.6	  7.63018e-16
51.7	  7.63018e-16
51.8	  7.63018e-16
51.9	  7.63018e-16
52	  7.63018e-16
52.1	  7.63018e-16
52.2	  7.63018e-16
52.3	  7.63018e-16
52.4	  7.63018e-16
52.5	  7.63018e-16
52.6	  7.63018e-16
52.7	  7.63018e-16
52.8	  7.63018e-16
52.9	  7.63018e-16
53	  7.63018e-16
53.1	  7.63018e-16
53.2	  7.63018e-16
53.3	  7.63018e-16
53.4	  7.63018e-16
53.5	  7.63018e-16
53.6	  7.63018e-16
53.7	  7.63018e-16
53.8	  7.63018e-16
53.9	  7.63018e-16
54	  7.63018e-16
54.1	  7.63018e-16
54.2	  7.63018e-16
54.3	  7.63018e-16
54.4	  7.63018e-16
54.5	  7.63018e-16
54.6	  7.63018e-16
54.7	  7.63018e-16
54.8	  7.63018e-16
54.9	  7.63018e-16
55	  7.63018e-16
55.1	  7.63018e-16
55.2	  7.63018e-16
55.3	  7.63018e-16
55.4	  7.63018e-16
55.5	  7.63018e-16
55.6	  7.63018e-16
55.7	  7.63018e-16
55.8	  7.63018e-16
55.9	  7.63018e-16
56	  7.63018e-16
56.1	  7.63018e-16
56.2	  7.63018e-16
56.3	  7.63018e-16
56.4	  7.63018e-16
56.5	  7.63018e-16
56.6	  7.63018e-16
56.7	  7.63018e-16
56.8	  7.63018e-16
56.9	  7.63018e-16
57	  7.63018e-16
57.1	  7.63018e-16
57.2	  7.63018e-16
57.3	  7.63018e-16
57.4	  7.63018e-16
57.5	  7.63018e-16
57.6	  7.63018e-16
57.7	  7.63018e-16
57.8	  7.63018e-16
57.9	  7.63018e-16
58	  7.63018e-16
58.1	  7.63018e-16
58.2	  7.63018e-16
58.3	  7.63018e-16
58.4	  7.63018e-16
58.5	  7.63018e-16
58.6	  7.63018e-16
58.7	  7.63018e-16
58.8	  7.63018e-16
58.9	  7.63018e-16
59	  7.63018e-16
59.1	  7.63018e-16
59.2	  7.63018e-16
59.3	  7.63018e-16
59.4	  7.63018e-16
59.5	  7.63018e-16
59.6	  7.63018e-16
59.7	  7.63018e-16
59.8	  7.63018e-16
59.9	  7.63018e-16
60	  7.63018e-16
60.1	  7.63018e-16
60.2	  7.63018e-16
60.3	  7.63018e-16
60.4	  7.63018e-16
60.5	  7.63018e-16
60.6	  7.63018e-16
60.7	  7.63018e-16
60.8	  7.63018e-16
60.9	  7.63018e-16
61	  7.63018e-16
61.1	  7.63018e-16
61.2	  7.63018e-16
61.3	  7.63018e-16
61.4	  7.63018e-16
61.5	  7.63018e-16
61.6	  7.63018e-16
61.7	  7.63018e-16
61.8	  7.63018e-16
61.9	  7.63018e-16
62	  7.63018e-16
62.1	  7.63018e-16
62.2	  7.63018e-16
62.3	  7.63018e-16
62.4	  7.63018e-16
62.5	  7.63018e-16
62.6	  7.63018e-16
62.7	  7.63018e-16
62.8	  7.63018e-16
62.9	  7.63018e-16
63	  7.63018e-16
63.1	  7.63018e-16
63.2	  7.63018e-16
63.3	  7.63018e-16
63.4	  7.63018e-16
63.5	  7.63018e-16
63.6	  7.63018e-16
63.7	  7.63018e-16
63.8	  7.63018e-16
63.9	  7.63018e-16
64	  7.63018e-16
64.1	  7.63018e-16
64.2	  7.63018e-16
64.3	  7.63018e-16
64.4	  7.63018e-16
64.5	  7.63018e-16
64.6	  7.63018e-16
64.7	  7.63018e-16
64.8	  7.63018e-16
64.9	  7.63018e-16
65	  7.63018e-16
65.1	  7.63018e-16
65.2	  7.63018e-16
65.3	  7.63018e-16
65.4	  7.63018e-16
65.5	  7.63018e-16
65.6	  7.63018e-16
65.7	  7.63018e-16
65.8	  7.63018e-16
65.9	  7.63018e-16
66	  7.63018e-16
66.1	  7.63018e-16
66.2	  7.63018e-16
66.3	  7.63018e-16
66.4	  7.63018e-16
66.5	  7.63018e-16
66.6	  7.63018e-16
66.7	  7.63018e-16
66.8	  7.63018e-16
66.9	  7.63018e-16
67	  7.63018e-16
67.1	  7.63018e-16
67.2	  7.63018e-16
67.3	  7.63018e-16
67.4	  7.63018e-16
67.5	  7.63018e-16
67.6	  7.63018e-16
67.7	  7.63018e-16
67.8	  7.63018e-16
67.9	  7.63018e-16
68	  7.63018e-16
68.1	  7.63018e-16
68.2	  7.63018e-16
68.3	  7.63018e-16
68.4	  7.63018e-16
68.5	  7.63018e-16
68.6	  7.63018e-16
68.7	  7.63018e-16
68.8	  7.63018e-16
68.9	  7.63018e-16
69	  7.63018e-16
69.1	  7.63018e-16
69.2	  7.63018e-16
69.3	  7.63018e-16
69.4	  7.63018e-16
69.5	  7.63018e-16
69.6	  7.63018e-16
69.7	  7.63018e-16
69.8	  7.63018e-16
69.9	  7.63018e-16
70	  7.63018e-16
70.1	  7.63018e-16
70.2	  7.63018e-16
70.3	  7.63018e-16
70.4	  7.63018e-16
70.5	  7.63018e-16
70.6	  7.63018e-16
70.7	  7.63018e-16
70.8	  7.63018e-16
70.9	  7.63018e-16
71	  7.63018e-16
71.1	  7.63018e-16
71.2	  7.63018e-16
71.3	  7.63018e-16
71.4	  7.63018e-16
71.5	  7.63018e-16
71.6	  7.63018e-16
71.7	  7.63018e-16
71.8	  7.63018e-16
71.9	  7.63018e-16
72	  7.63018e-16
72.1	  7.63018e-16
72.2	  7.63018e-16
72.3	  7.63018e-16
72.4	  7.63018e-16
72.5	  7.63018e-16
72.6	  7.63018e-16
72.7	  7.63018e-16
72.8	  7.63018e-16
72.9	  7.63018e-16
73	  7.63018e-16
73.1	  7.63018e-16
73.2	  7.63018e-16
73.3	  7.63018e-16
73.4	  7.63018e-16
73.5	  7.63018e-16
73.6	  7.63018e-16
73.7	  7.63018e-16
73.8	  7.63018e-16
73.9	  7.63018e-16
74	  7.63018e-16
74.1	  7.63018e-16
74.2	  7.63018e-16
74.3	  7.63018e-16
74.4	  7.63018e-16
74.5	  7.63018e-16
74.6	  7.63018e-16
74.7	  7.63018e-16
74.8	  7.63018e-16
74.9	  7.63018e-16
75	  7.63018e-16
75.1	  7.63018e-16
75.2	  7.63018e-16
75.3	  7.63018e-16
75.4	  7.63018e-16
75.5	  7.63018e-16
75.6	  7.63018e-16
75.7	  7.63018e-16
75.8	  7.63018e-16
75.9	  7.63018e-16
76	  7.63018e-16
76.1	  7.63018e-16
76.2	  7.63018e-16
76.3	  7.63018e-16
76.4	  7.63018e-16
76.5	  7.63018e-16
76.6	  7.63018e-16
76.7	  7.63018e-16
76.8	  7.63018e-16
76.9	  7.63018e-16
77	  7.63018e-16
77.1	  7.63018e-16
77.2	  7.63018e-16
77.3	  7.63018e-16
77.4	  7.63018e-16
77.5	  7.63018e-16
77.6	  7.63018e-16
77.7	  7.63018e-16
77.8	  7.63018e-16
77.9	  7.63018e-16
78	  7.63018e-16
78.1	  7.63018e-16
78.2	  7.63018e-16
78.3	  7.63018e-16
78.4	  7.63018e-16
78.5	  7.63018e-16
78.6	  7.63018e-16
78.7	  7.63018e-16
78.8	  7.63018e-16
78.9	  7.63018e-16
79	  7.63018e-16
79.1	  7.63018e-16
79.2	  7.63018e-16
79.3	  7.63018e-16
79.4	  7.63018e-16
79.5	  7.63018e-16
79.6	  7.63018e-16
79.7	  7.63018e-16
79.8	  7.63018e-16
79.9	  7.63018e-16
80	  7.63018e-16
80.1	  7.63018e-16
80.2	  7.63018e-16
80.3	  7.63018e-16
80.4	  7.63018e-16
80.5	  7.63018e-16
80.6	  7.63018e-16
80.7	  7.63018e-16
80.8	  7.63018e-16
80.9	  7.63018e-16
81	  7.63018e-16
81.1	  7.63018e-16
81.2	  7.63018e-16
81.3	  7.63018e-16
81.4	  7.63018e-16
81.5	  7.63018e-16
81.6	  7.63018e-16
81.7	  7.63018e-16
81.8	  7.63018e-16
81.9	  7.63018e-16
82	  7.63018e-16
82.1	  7.63018e-16
82.2	  7.63018e-16
82.3	  7.63018e-16
82.4	  7.63018e-16
82.5	  7.63018e-16
82.6	  7.63018e-16
82.7	  7.63018e-16
82.8	  7.63018e-16
82.9	  7.63018e-16
83	  7.63018e-16
83.1	  7.63018e-16
83.2	  7.63018e-16
83.3	  7.63018e-16
83.4	  7.63018e-16
83.5	  7.63018e-16
83.6	  7.63018e-16
83.7	  7.63018e-16
83.8	  7.63018e-16
83.9	  7.63018e-16
84	  7.63018e-16
84.1	  7.63018e-16
84.2	  7.63018e-16
84.3	  7.63018e-16
84.4	  7.63018e-16
84.5	  7.63018e-16
84.6	  7.63018e-16
84.7	  7.63018e-16
84.8	  7.63018e-16
84.9	  7.63018e-16
85	  7.63018e-16
85.1	  7.63018e-16
85.2	  7.63018e-16
85.3	  7.63018e-16
85.4	  7.63018e-16
85.5	  7.63018e-16
85.6	  7.63018e-16
85.7	  7.63018e-16
85.8	  7.63018e-16
85.9	  7.63018e-16
86	  7.63018e-16
86.1	  7.63018e-16
86.2	  7.63018e-16
86.3	  7.63018e-16
86.4	  7.63018e-16
86.5	  7.63018e-16
86.6	  7.63018e-16
86.7	  7.63018e-16
86.8	  7.63018e-16
86.9	  7.63018e-16
87	  7.63018e-16
87.1	  7.63018e-16
87.2	  7.63018e-16
87.3	  7.63018e-16
87.4	  7.63018e-16
87.5	  7.63018e-16
87.6	  7.63018e-16
87.7	  7.63018e-16
87.8	  7.63018e-16
87.9	  7.63018e-16
88	  7.63018e-16
88.1	  7.63018e-16
88.2	  7.63018e-16
88.3	  7.63018e-16
88.4	  7.63018e-16
88.5	  7.63018e-16
88.6	  7.63018e-16
88.7	  7.63018e-16
88.8	  7.63018e-16
88.9	  7.63018e-16
89	  7.63018e-16
89.1	  7.63018e-16
89.2	  7.63018e-16
89.3	  7.63018e-16
89.4	  7.63018e-16
89.5	  7.63018e-16
89.6	  7.63018e-16
89.7	  7.63018e-16
89.8	  7.63018e-16
89.9	  7.63018e-16
90	  7.63018e-16
90.1	  7.63018e-16
90.2	  7.63018e-16
90.3	  7.63018e-16
90.4	  7.63018e-16
90.5	  7.63018e-16
90.6	  7.63018e-16
90.7	  7.63018e-16
90.8	  7.63018e-16
90.9	  7.63018e-16
91	  7.63018e-16
91.1	  7.63018e-16
91.2	  7.63018e-16
91.3	  7.63018e-16
91.4	  7.63018e-16
91.5	  7.63018e-16
91.6	  7.63018e-16
91.7	  7.63018e-16
91.8	  7.63018e-16
91.9	  7.63018e-16
92	  7.63018e-16
92.1	  7.63018e-16
92.2	  7.63018e-16
92.3	  7.63018e-16
92.4	  7.63018e-16
92.5	  7.63018e-16
92.6	  7.63018e-16
92.7	  7.63018e-16
92.8	  7.63018e-16
92.9	  7.63018e-16
93	  7.63018e-16
93.1	  7.63018e-16
93.2	  7.63018e-16
93.3	  7.63018e-16
93.4	  7.63018e-16
93.5	  7.63018e-16
93.6	  7.63018e-16
93.7	  7.63018e-16
93.8	  7.63018e-16
93.9	  7.63018e-16
94	  7.63018e-16
94.1	  7.63018e-16
94.2	  7.63018e-16
94.3	  7.63018e-16
94.4	  7.63018e-16
94.5	  7.63018e-16
94.6	  7.63018e-16
94.7	  7.63018e-16
94.8	  7.63018e-16
94.9	  7.63018e-16
95	  7.63018e-16
95.1	  7.63018e-16
95.2	  7.63018e-16
95.3	  7.63018e-16
95.4	  7.63018e-16
95.5	  7.63018e-16
95.6	  7.63018e-16
95.7	  7.63018e-16
95.8	  7.63018e-16
95.9	  7.63018e-16
96	  7.63018e-16
96.1	  7.63018e-16
96.2	  7.63018e-16
96.3	  7.63018e-16
96.4	  7.63018e-16
96.5	  7.63018e-16
96.6	  7.63018e-16
96.7	  7.63018e-16
96.8	  7.63018e-16
96.9	  7.63018e-16
97	  7.63018e-16
97.1	  7.63018e-16
97.2	  7.63018e-16
97.3	  7.63018e-16
97.4	  7.63018e-16
97.5	  7.63018e-16
97.6	  7.63018e-16
97.7	  7.63018e-16
97.8	  7.63018e-16
97.9	  7.63018e-16
98	  7.63018e-16
98.1	  7.63018e-16
98.2	  7.63018e-16
98.3	  7.63018e-16
98.4	  7.63018e-16
98.5	  7.63018e-16
98.6	  7.63018e-16
98.7	  7.63018e-16
98.8	  7.63018e-16
98.9	  7.63018e-16
99	  7.63018e-16
99.1	  7.63018e-16
99.2	  7.63018e-16
99.3	  7.63018e-16
99.4	  7.63018e-16
99.5	  7.63018e-16
99.6	  7.63018e-16
99.7	  7.63018e-16
99.8	  7.63018e-16
99.9	  7.63018e-16
100	  7.63018e-16
100.1	  7.63018e-16
100.2	  7.63018e-16
100.3	  7.63018e-16
100.4	  7.63018e-16
100.5	  7.63018e-16
100.6	  7.63018e-16
100.7	  7.63018e-16
100.8	  7.63018e-16
100.9	  7.63018e-16
101	  7.63018e-16
101.1	  7.63018e-16
101.2	  7.63018e-16
101.3	  7.63018e-16
101.4	  7.63018e-16
101.5	  7.63018e-16
101.6	  7.63018e-16
101.7	  7.63018e-16
101.8	  7.63018e-16
101.9	  7.63018e-16
102	  7.63018e-16
102.1	  7.63018e-16
102.2	  7.63018e-16
102.3	  7.63018e-16
102.4	  7.63018e-16
102.5	  7.63018e-16
102.6	  7.63018e-16
102.7	  7.63018e-16
102.8	  7.63018e-16
102.9	  7.63018e-16
103	  7.63018e-16
103.1	  7.63018e-16
103.2	  7.63018e-16
103.3	  7.63018e-16
103.4	  7.63018e-16
103.5	  7.63018e-16
103.6	  7.63018e-16
103.7	  7.63018e-16
103.8	  7.63018e-16
103.9	  7.63018e-16
104	  7.63018e-16
104.1	  7.63018e-16
104.2	  7.63018e-16
104.3	  7.63018e-16
104.4	  7.63018e-16
104.5	  7.63018e-16
104.6	  7.63018e-16
104.7	  7.63018e-16
104.8	  7.63018e-16
104.9	  7.63018e-16
105	  7.63018e-16
105.1	  7.63018e-16
105.2	  7.63018e-16
105.3	  7.63018e-16
105.4	  7.63018e-16
105.5	  7.63018e-16
105.6	  7.63018e-16
105.7	  7.63018e-16
105.8	  7.63018e-16
105.9	  7.63018e-16
106	  7.63018e-16
106.1	  7.63018e-16
106.2	  7.63018e-16
106.3	  7.63018e-16
106.4	  7.63018e-16
106.5	  7.63018e-16
106.6	  7.63018e-16
106.7	  7.63018e-16
106.8	  7.63018e-16
106.9	  7.63018e-16
107	  7.63018e-16
107.1	  7.63018e-16
107.2	  7.63018e-16
107.3	  7.63018e-16
107.4	  7.63018e-16
107.5	  7.63018e-16
107.6	  7.63018e-16
107.7	  7.63018e-16
107.8	  7.63018e-16
107.9	  7.63018e-16
108	  7.63018e-16
108.1	  7.63018e-16
108.2	  7.63018e-16
108.3	  7.63018e-16
108.4	  7.63018e-16
108.5	  7.63018e-16
108.6	  7.63018e-16
108.7	  7.63018e-16
108.8	  7.63018e-16
108.9	  7.63018e-16
109	  7.63018e-16
109.1	  7.63018e-16
109.2	  7.63018e-16
109.3	  7.63018e-16
109.4	  7.63018e-16
109.5	  7.63018e-16
109.6	  7.63018e-16
109.7	  7.63018e-16
109.8	  7.63018e-16
109.9	  7.63018e-16
110	  7.63018e-16
110.1	  7.63018e-16
110.2	  7.63018e-16
110.3	  7.63018e-16
110.4	  7.63018e-16
110.5	  7.63018e-16
110.6	  7.63018e-16
110.7	  7.63018e-16
110.8	  7.63018e-16
110.9	  7.63018e-16
111	  7.63018e-16
111.1	  7.63018e-16
111.2	  7.63018e-16
111.3	  7.63018e-16
111.4	  7.63018e-16
111.5	  7.63018e-16
111.6	  7.63018e-16
111.7	  7.63018e-16
111.8	  7.63018e-16
111.9	  7.63018e-16
112	  7.63018e-16
112.1	  7.63018e-16
112.2	  7.63018e-16
112.3	  7.63018e-16
112.4	  7.63018e-16
112.5	  7.63018e-16
112.6	  7.63018e-16
112.7	  7.63018e-16
112.8	  7.63018e-16
112.9	  7.63018e-16
113	  7.63018e-16
113.1	  7.63018e-16
113.2	  7.63018e-16
113.3	  7.63018e-16
113.4	  7.63018e-16
113.5	  7.63018e-16
113.6	  7.63018e-16
113.7	  7.63018e-16
113.8	  7.63018e-16
113.9	  7.63018e-16
114	  7.63018e-16
114.1	  7.63018e-16
114.2	  7.63018e-16
114.3	  7.63018e-16
114.4	  7.63018e-16
114.5	  7.63018e-16
114.6	  7.63018e-16
114.7	  7.63018e-16
114.8	  7.63018e-16
114.9	  7.63018e-16
115	  7.63018e-16
115.1	  7.63018e-16
115.2	  7.63018e-16
115.3	  7.63018e-16
115.4	  7.63018e-16
115.5	  7.63018e-16
115.6	  7.63018e-16
115.7	  7.63018e-16
115.8	  7.63018e-16
115.9	  7.63018e-16
116	  7.63018e-16
116.1	  7.63018e-16
116.2	  7.63018e-16
116.3	  7.63018e-16
116.4	  7.63018e-16
116.5	  7.63018e-16
116.6	  7.63018e-16
116.7	  7.63018e-16
116.8	  7.63018e-16
116.9	  7.63018e-16
117	  7.63018e-16
117.1	  7.63018e-16
117.2	  7.63018e-16
117.3	  7.63018e-16
117.4	  7.63018e-16
117.5	  7.63018e-16
117.6	  7.63018e-16
117.7	  7.63018e-16
117.8	  7.63018e-16
117.9	  7.63018e-16
118	  7.63018e-16
118.1	  7.63018e-16
118.2	  7.63018e-16
118.3	  7.63018e-16
118.4	  7.63018e-16
118.5	  7.63018e-16
118.6	  7.63018e-16
118.7	  7.63018e-16
118.8	  7.63018e-16
118.9	  7.63018e-16
119	  7.63018e-16
119.1	  7.63018e-16
119.2	  7.63018e-16
119.3	  7.63018e-16
119.4	  7.63018e-16
119.5	  7.63018e-16
119.6	  7.63018e-16
119.7	  7.63018e-16
119.8	  7.63018e-16
119.9	  7.63018e-16
120	  7.63018e-16
120.1	  7.63018e-16
120.2	  7.63018e-16
120.3	  7.63018e-16
120.4	  7.63018e-16
120.5	  7.63018e-16
120.6	  7.63018e-16
120.7	  7.63018e-16
120.8	  7.63018e-16
120.9	  7.63018e-16
121	  7.63018e-16
121.1	  7.63018e-16
121.2	  7.63018e-16
121.3	  7.63018e-16
121.4	  7.63018e-16
121.5	  7.63018e-16
121.6	  7.63018e-16
121.7	  7.63018e-16
121.8	  7.63018e-16
121.9	  7.63018e-16
122	  7.63018e-16
122.1	  7.63018e-16
122.2	  7.63018e-16
122.3	  7.63018e-16
122.4	  7.63018e-16
122.5	  7.63018e-16
122.6	  7.63018e-16
122.7	  7.63018e-16
122.8	  7.63018e-16
122.9	  7.63018e-16
123	  7.63018e-16
123.1	  7.63018e-16
123.2	  7.63018e-16
123.3	  7.63018e-16
123.4	  7.63018e-16
123.5	  7.63018e-16
123.6	  7.63018e-16
123.7	  7.63018e-16
123.8	  7.63018e-16
123.9	  7.63018e-16
124	  7.63018e-16
124.1	  7.63018e-16
124.2	  7.63018e-16
124.3	  7.63018e-16
124.4	  7.63018e-16
124.5	  7.63018e-16
124.6	  7.63018e-16
124.7	  7.63018e-16
124.8	  7.63018e-16
124.9	  7.63018e-16
125	  7.63018e-16
125.1	  7.63018e-16
125.2	  7.63018e-16
125.3	  7.63018e-16
125.4	  7.63018e-16
125.5	  7.63018e-16
125.6	  7.63018e-16
125.7	  7.63018e-16
125.8	  7.63018e-16
125.9	  7.63018e-16
126	  7.63018e-16
126.1	  7.63018e-16
126.2	  7.63018e-16
126.3	  7.63018e-16
126.4	  7.63018e-16
126.5	  7.63018e-16
126.6	  7.63018e-16
126.7	  7.63018e-16
126.8	  7.63018e-16
126.9	  7.63018e-16
127	  7.63018e-16
127.1	  7.63018e-16
127.2	  7.63018e-16
127.3	  7.63018e-16
127.4	  7.63018e-16
127.5	  7.63018e-16
127.6	  7.63018e-16
127.7	  7.63018e-16
127.8	  7.63018e-16
127.9	  7.63018e-16
128	  7.63018e-16
128.1	  7.63018e-16
128.2	  7.63018e-16
128.3	  7.63018e-16
128.4	  7.63018e-16
128.5	  7.63018e-16
128.6	  7.63018e-16
128.7	  7.63018e-16
128.8	  7.63018e-16
128.9	  7.63018e-16
129	  7.63018e-16
129.1	  7.63018e-16
129.2	  7.63018e-16
129.3	  7.63018e-16
129.4	  7.63018e-16
129.5	  7.63018e-16
129.6	  7.63018e-16
129.7	  7.63018e-16
129.8	  7.63018e-16
129.9	  7.63018e-16
130	  7.63018e-16
130.1	  7.63018e-16
130.2	  7.63018e-16
130.3	  7.63018e-16
130.4	  7.63018e-16
130.5	  7.63018e-16
130.6	  7.63018e-16
130.7	  7.63018e-16
130.8	  7.63018e-16
130.9	  7.63018e-16
131	  7.63018e-16
131.1	  7.63018e-16
131.2	  7.63018e-16
131.3	  7.63018e-16
131.4	  7.63018e-16
131.5	  7.63018e-16
131.6	  7.63018e-16
131.7	  7.63018e-16
131.8	  7.63018e-16
131.9	  7.63018e-16
132	  7.63018e-16
132.1	  7.63018e-16
132.2	  7.63018e-16
132.3	  7.63018e-16
132.4	  7.63018e-16
132.5	  7.63018e-16
132.6	  7.63018e-16
132.7	  7.63018e-16
132.8	  7.63018e-16
132.9	  7.63018e-16
133	  7.63018e-16
133.1	  7.63018e-16
133.2	  7.63018e-16
133.3	  7.63018e-16
133.4	  7.63018e-16
133.5	  7.63018e-16
133.6	  7.63018e-16
133.7	  7.63018e-16
133.8	  7.63018e-16
133.9	  7.63018e-16
134	  7.63018e-16
134.1	  7.63018e-16
134.2	  7.63018e-16
134.3	  7.63018e-16
134.4	  7.63018e-16
134.5	  7.63018e-16
134.6	  7.63018e-16
134.7	  7.63018e-16
134.8	  7.63018e-16
134.9	  7.63018e-16
135	  7.63018e-16
135.1	  7.63018e-16
135.2	  7.63018e-16
135.3	  7.63018e-16
135.4	  7.63018e-16
135.5	  7.63018e-16
135.6	  7.63018e-16
135.7	  7.63018e-16
135.8	  7.63018e-16
135.9	  7.63018e-16
136	  7.63018e-16
136.1	  7.63018e-16
136.2	  7.63018e-16
136.3	  7.63018e-16
136.4	  7.63018e-16
136.5	  7.63018e-16
136.6	  7.63018e-16
136.7	  7.63018e-16
136.8	  7.63018e-16
136.9	  7.63018e-16
137	  7.63018e-16
137.1	  7.63018e-16
137.2	  7.63018e-16
137.3	  7.63018e-16
137.4	  7.63018e-16
137.5	  7.63018e-16
137.6	  7.63018e-16
137.7	  7.63018e-16
137.8	  7.63018e-16
137.9	  7.63018e-16
138	  7.63018e-16
138.1	  7.63018e-16
138.2	  7.63018e-16
138.3	  7.63018e-16
138.4	  7.63018e-16
138.5	  7.63018e-16
138.6	  7.63018e-16
138.7	  7.63018e-16
138.8	  7.63018e-16
138.9	  7.63018e-16
139	  7.63018e-16
139.1	  7.63018e-16
139.2	  7.63018e-16
139.3	  7.63018e-16
139.4	  7.63018e-16
139.5	  7.63018e-16
139.6	  7.63018e-16
139.7	  7.63018e-16
139.8	  7.63018e-16
139.9	  7.63018e-16
140	  7.63018e-16
140.1	  7.63018e-16
140.2	  7.63018e-16
140.3	  7.63018e-16
140.4	  7.63018e-16
140.5	  7.63018e-16
140.6	  7.63018e-16
140.7	  7.63018e-16
140.8	  7.63018e-16
140.9	  7.63018e-16
141	  7.63018e-16
141.1	  7.63018e-16
141.2	  7.63018e-16
141.3	  7.63018e-16
141.4	  7.63018e-16
141.5	  7.63018e-16
141.6	  7.63018e-16
141.7	  7.63018e-16
141.8	  7.63018e-16
141.9	  7.63018e-16
142	  7.63018e-16
142.1	  7.63018e-16
142.2	  7.63018e-16
142.3	  7.63018e-16
142.4	  7.63018e-16
142.5	  7.63018e-16
142.6	  7.63018e-16
142.7	  7.63018e-16
142.8	  7.63018e-16
142.9	  7.63018e-16
143	  7.63018e-16
143.1	  7.63018e-16
143.2	  7.63018e-16
143.3	  7.63018e-16
143.4	  7.63018e-16
143.5	  7.63018e-16
143.6	  7.63018e-16
143.7	  7.63018e-16
143.8	  7.63018e-16
143.9	  7.63018e-16
144	  7.63018e-16
144.1	  7.63018e-16
144.2	  7.63018e-16
144.3	  7.63018e-16
144.4	  7.63018e-16
144.5	  7.63018e-16
144.6	  7.63018e-16
144.7	  7.63018e-16
144.8	  7.63018e-16
144.9	  7.63018e-16
145	  7.63018e-16
145.1	  7.63018e-16
145.2	  7.63018e-16
145.3	  7.63018e-16
145.4	  7.63018e-16
145.5	  7.63018e-16
145.6	  7.63018e-16
145.7	  7.63018e-16
145.8	  7.63018e-16
145.9	  7.63018e-16
146	  7.63018e-16
146.1	  7.63018e-16
146.2	  7.63018e-16
146.3	  7.63018e-16
146.4	  7.63018e-16
146.5	  7.63018e-16
146.6	  7.63018e-16
146.7	  7.63018e-16
146.8	  7.63018e-16
146.9	  7.63018e-16
147	  7.63018e-16
147.1	  7.63018e-16
147.2	  7.63018e-16
147.3	  7.63018e-16
147.4	  7.63018e-16
147.5	  7.63018e-16
147.6	  7.63018e-16
147.7	  7.63018e-16
147.8	  7.63018e-16
147.9	  7.63018e-16
148	  7.63018e-16
